v3.0 hex words addressed
000: 30 f3 01 00 00 00 00 00 00 00
00a: 30 f1 01 00 00 00 00 00 00 00
014: 61 31
016: 72 95 00 00 00 00 00 00 00
01f: 76 95 00 00 00 00 00 00 00
028: 74 95 00 00 00 00 00 00 00
031: 73 3b 00 00 00 00 00 00 00
03a: 00
03b: 30 f8 02 00 00 00 00 00 00 00
045: 30 f3 02 00 00 00 00 00 00 00
04f: 30 f0 01 00 00 00 00 00 00 00
059: 61 31
05b: 75 95 00 00 00 00 00 00 00
064: 71 77 00 00 00 00 00 00 00
06d: 30 f0 63 00 00 00 00 00 00 00
077: 30 f9 02 00 00 00 00 00 00 00
081: 70 8b 00 00 00 00 00 00 00
08a: 00
08b: 30 fa 02 00 00 00 00 00 00 00
095: 30 f0 63 00 00 00 00 00 00 00
09f: 00
