v3.0 hex words addressed
000: 30 f4 20 04 00 00 00 00 00 00
00a: 30 f8 00 00 00 00 00 00 00 00
014: 30 f3 02 00 00 00 00 00 00 00
01e: 40 38 00 00 00 00 00 00 00 00
028: 30 f3 02 00 00 00 00 00 00 00
032: 40 38 08 00 00 00 00 00 00 00
03c: 30 f3 03 00 00 00 00 00 00 00
046: 40 38 10 00 00 00 00 00 00 00
050: 30 f3 04 00 00 00 00 00 00 00
05a: 40 38 18 00 00 00 00 00 00 00
064: 30 f9 20 00 00 00 00 00 00 00
06e: 30 f3 02 00 00 00 00 00 00 00
078: 40 39 00 00 00 00 00 00 00 00
082: 30 f3 02 00 00 00 00 00 00 00
08c: 40 39 08 00 00 00 00 00 00 00
096: 30 f3 02 00 00 00 00 00 00 00
0a0: 40 39 10 00 00 00 00 00 00 00
0aa: 30 f3 03 00 00 00 00 00 00 00
0b4: 40 39 18 00 00 00 00 00 00 00
0be: 80 fe 00 00 00 00 00 00 00
0c7: 30 fc 69 00 00 00 00 00 00 00
0d1: 00
0d2: 30 f0 00 00 00 00 00 00 00 00
0dc: 30 fb 01 00 00 00 00 00 00 00
0e6: 80 f0 00 00 00 00 00 00 00
0ef: 90
0f0: 60 70
0f2: 61 b6
0f4: 76 f0 00 00 00 00 00 00 00
0fd: 90
0fe: 30 f1 40 00 00 00 00 00 00 00
108: 50 78 00 00 00 00 00 00 00 00
112: 50 69 00 00 00 00 00 00 00 00
11c: 80 d2 00 00 00 00 00 00 00
125: 20 0a
127: 50 78 08 00 00 00 00 00 00 00
131: 50 69 10 00 00 00 00 00 00 00
13b: 80 d2 00 00 00 00 00 00 00
144: 60 0a
146: 40 a1 00 00 00 00 00 00 00 00
150: 50 78 00 00 00 00 00 00 00 00
15a: 50 69 08 00 00 00 00 00 00 00
164: 80 d2 00 00 00 00 00 00 00
16d: 20 0a
16f: 50 78 08 00 00 00 00 00 00 00
179: 50 69 18 00 00 00 00 00 00 00
183: 80 d2 00 00 00 00 00 00 00
18c: 60 0a
18e: 40 a1 08 00 00 00 00 00 00 00
198: 50 78 10 00 00 00 00 00 00 00
1a2: 50 69 00 00 00 00 00 00 00 00
1ac: 80 d2 00 00 00 00 00 00 00
1b5: 20 0a
1b7: 50 78 18 00 00 00 00 00 00 00
1c1: 50 69 10 00 00 00 00 00 00 00
1cb: 80 d2 00 00 00 00 00 00 00
1d4: 60 0a
1d6: 40 a1 10 00 00 00 00 00 00 00
1e0: 50 78 10 00 00 00 00 00 00 00
1ea: 50 69 08 00 00 00 00 00 00 00
1f4: 80 d2 00 00 00 00 00 00 00
1fd: 20 0a
1ff: 50 78 18 00 00 00 00 00 00 00
209: 50 69 18 00 00 00 00 00 00 00
213: 80 d2 00 00 00 00 00 00 00
21c: 60 0a
21e: 40 a1 18 00 00 00 00 00 00 00
228: 90
